100
0.004484304932735424
0.013452914798206275
0.013452914798206275
0.004484304932735424
0.004484304932735424
0.013452914798206275
0.004484304932735424
0.013452914798206275
0.004484304932735424
0.004484304932735424
0.013452914798206275
0.004484304932735424
0.004484304932735424
0.004484304932735424
0.013452914798206275
0.013452914798206275
0.013452914798206275
0.013452914798206275
0.013452914798206275
0.013452914798206275
0.013452914798206275
0.004484304932735424
0.013452914798206275
0.013452914798206275
0.0
0.004484304932735424
0.004484304932735424
0.013452914798206275
0.004484304932735424
0.004484304932735424
0.013452914798206275
0.004484304932735424
0.004484304932735424
0.013452914798206275
0.013452914798206275
0.004484304932735424
0.013452914798206275
0.013452914798206275
0.013452914798206275
0.004484304932735424
0.013452914798206275
0.004484304932735424
0.004484304932735424
0.004484304932735424
0.013452914798206275
0.013452914798206275
0.013452914798206275
0.013452914798206275
0.013452914798206275
0.013452914798206275
0.013452914798206275
0.004484304932735424
0.013452914798206275
0.013452914798206275
0.013452914798206275
0.013452914798206275
0.013452914798206275
0.013452914798206275
0.004484304932735424
0.013452914798206275
0.013452914798206275
0.013452914798206275
0.004484304932735424
0.013452914798206275
0.004484304932735424
0.013452914798206275
0.013452914798206275
0.004484304932735424
0.013452914798206275
0.004484304932735424
0.004484304932735424
0.013452914798206275
0.013452914798206275
0.013452914798206275
0.004484304932735424
0.004484304932735424
0.013452914798206275
0.013452914798206275
0.013452914798206275
0.013452914798206275
0.013452914798206275
0.004484304932735424
0.013452914798206275
0.004484304932735424
0.013452914798206275
0.004484304932735424
0.013452914798206275
0.013452914798206275
0.004484304932735424
0.004484304932735424
0.004484304932735424
0.013452914798206275
0.013452914798206275
0.013452914798206275
0.013452914798206275
0.013452914798206275
0.013452914798206275
0.013452914798206275
0.013452914798206275
0.004484304932735424
