100
0.012711864406779657
0.004237288135593219
0.004237288135593219
0.004237288135593219
0.012711864406779657
0.012711864406779657
0.012711864406779657
0.004237288135593219
0.012711864406779657
0.004237288135593219
0.012711864406779657
0.012711864406779657
0.012711864406779657
0.012711864406779657
0.012711864406779657
0.012711864406779657
0.004237288135593219
0.004237288135593219
0.012711864406779657
0.012711864406779657
0.012711864406779657
0.004237288135593219
0.012711864406779657
0.012711864406779657
0.004237288135593219
0.004237288135593219
0.004237288135593219
0.012711864406779657
0.012711864406779657
0.012711864406779657
0.012711864406779657
0.012711864406779657
0.004237288135593219
0.004237288135593219
0.012711864406779657
0.004237288135593219
0.004237288135593219
0.012711864406779657
0.004237288135593219
0.012711864406779657
0.012711864406779657
0.004237288135593219
0.012711864406779657
0.012711864406779657
0.012711864406779657
0.004237288135593219
0.012711864406779657
0.012711864406779657
0.012711864406779657
0.004237288135593219
0.012711864406779657
0.012711864406779657
0.012711864406779657
0.004237288135593219
0.012711864406779657
0.012711864406779657
0.012711864406779657
0.012711864406779657
0.004237288135593219
0.012711864406779657
0.012711864406779657
0.012711864406779657
0.012711864406779657
0.012711864406779657
0.004237288135593219
0.012711864406779657
0.004237288135593219
0.012711864406779657
0.012711864406779657
0.012711864406779657
0.012711864406779657
0.004237288135593219
0.012711864406779657
0.012711864406779657
0.012711864406779657
0.012711864406779657
0.004237288135593219
0.012711864406779657
0.012711864406779657
0.012711864406779657
0.012711864406779657
0.004237288135593219
0.012711864406779657
0.012711864406779657
0.012711864406779657
0.012711864406779657
0.012711864406779657
0.012711864406779657
0.004237288135593219
0.004237288135593219
0.012711864406779657
0.012711864406779657
0.012711864406779657
0.004237288135593219
0.012711864406779657
0.004237288135593219
0.004237288135593219
0.012711864406779657
0.004237288135593219
0.012711864406779657
