100
0.01071428571428571
0.0035714285714285696
0.01071428571428571
0.01071428571428571
0.01071428571428571
0.01071428571428571
0.01071428571428571
0.0035714285714285696
0.01071428571428571
0.01071428571428571
0.01071428571428571
0.01071428571428571
0.01071428571428571
0.01071428571428571
0.01071428571428571
0.01071428571428571
0.01071428571428571
0.0035714285714285696
0.01071428571428571
0.01071428571428571
0.01071428571428571
0.01071428571428571
0.01071428571428571
0.01071428571428571
0.01071428571428571
0.01071428571428571
0.01071428571428571
0.01071428571428571
0.01071428571428571
0.01071428571428571
0.01071428571428571
0.01071428571428571
0.0035714285714285696
0.01071428571428571
0.01071428571428571
0.01071428571428571
0.01071428571428571
0.01071428571428571
0.01071428571428571
0.01071428571428571
0.01071428571428571
0.01071428571428571
0.01071428571428571
0.01071428571428571
0.01071428571428571
0.01071428571428571
0.01071428571428571
0.01071428571428571
0.01071428571428571
0.01071428571428571
0.01071428571428571
0.01071428571428571
0.01071428571428571
0.01071428571428571
0.01071428571428571
0.01071428571428571
0.01071428571428571
0.01071428571428571
0.01071428571428571
0.01071428571428571
0.01071428571428571
0.01071428571428571
0.01071428571428571
0.01071428571428571
0.01071428571428571
0.01071428571428571
0.01071428571428571
0.01071428571428571
0.01071428571428571
0.01071428571428571
0.01071428571428571
0.01071428571428571
0.01071428571428571
0.01071428571428571
0.01071428571428571
0.01071428571428571
0.01071428571428571
0.01071428571428571
0.01071428571428571
0.01071428571428571
0.0035714285714285696
0.01071428571428571
0.0035714285714285696
0.01071428571428571
0.01071428571428571
0.01071428571428571
0.0035714285714285696
0.01071428571428571
0.0035714285714285696
0.01071428571428571
0.01071428571428571
0.0035714285714285696
0.01071428571428571
0.01071428571428571
0.01071428571428571
0.01071428571428571
0.01071428571428571
0.01071428571428571
0.0035714285714285696
0.01071428571428571
