100
0.014164305949008488
0.0028328611898016977
0.0028328611898016977
0.014164305949008488
0.0028328611898016977
0.014164305949008488
0.0047214353163361625
0.014164305949008488
0.014164305949008488
0.014164305949008488
0.0047214353163361625
0.014164305949008488
0.0028328611898016977
0.0047214353163361625
0.0028328611898016977
0.0028328611898016977
0.0028328611898016977
0.014164305949008488
0.014164305949008488
0.0047214353163361625
0.014164305949008488
0.014164305949008488
0.014164305949008488
0.0028328611898016977
0.0047214353163361625
0.014164305949008488
0.014164305949008488
0.014164305949008488
0.014164305949008488
0.0028328611898016977
0.0028328611898016977
0.014164305949008488
0.014164305949008488
0.014164305949008488
0.014164305949008488
0.0028328611898016977
0.0028328611898016977
0.014164305949008488
0.0047214353163361625
0.0028328611898016977
0.014164305949008488
0.0047214353163361625
0.014164305949008488
0.014164305949008488
0.0047214353163361625
0.014164305949008488
0.0047214353163361625
0.0
0.014164305949008488
0.014164305949008488
0.014164305949008488
0.014164305949008488
0.0047214353163361625
0.014164305949008488
0.014164305949008488
0.014164305949008488
0.014164305949008488
0.0028328611898016977
0.014164305949008488
0.014164305949008488
0.0028328611898016977
0.0047214353163361625
0.0047214353163361625
0.014164305949008488
0.014164305949008488
0.014164305949008488
0.014164305949008488
0.0047214353163361625
0.0028328611898016977
0.014164305949008488
0.0028328611898016977
0.014164305949008488
0.014164305949008488
0.014164305949008488
0.0028328611898016977
0.014164305949008488
0.014164305949008488
0.0028328611898016977
0.014164305949008488
0.0028328611898016977
0.0047214353163361625
0.014164305949008488
0.014164305949008488
0.014164305949008488
0.0047214353163361625
0.0028328611898016977
0.014164305949008488
0.014164305949008488
0.014164305949008488
0.014164305949008488
0.014164305949008488
0.014164305949008488
0.014164305949008488
0.0028328611898016977
0.014164305949008488
0.0028328611898016977
0.014164305949008488
0.014164305949008488
0.014164305949008488
0.014164305949008488
