100
0.012499999999999989
0.012499999999999989
0.012499999999999989
0.012499999999999989
0.004166666666666663
0.012499999999999989
0.012499999999999989
0.0
0.012499999999999989
0.012499999999999989
0.004166666666666663
0.012499999999999989
0.012499999999999989
0.012499999999999989
0.012499999999999989
0.012499999999999989
0.004166666666666663
0.012499999999999989
0.012499999999999989
0.004166666666666663
0.012499999999999989
0.012499999999999989
0.012499999999999989
0.012499999999999989
0.012499999999999989
0.012499999999999989
0.0
0.004166666666666663
0.004166666666666663
0.012499999999999989
0.012499999999999989
0.012499999999999989
0.012499999999999989
0.0
0.012499999999999989
0.012499999999999989
0.012499999999999989
0.012499999999999989
0.012499999999999989
0.012499999999999989
0.012499999999999989
0.012499999999999989
0.0
0.012499999999999989
0.012499999999999989
0.012499999999999989
0.004166666666666663
0.0
0.012499999999999989
0.012499999999999989
0.012499999999999989
0.012499999999999989
0.012499999999999989
0.012499999999999989
0.012499999999999989
0.012499999999999989
0.004166666666666663
0.012499999999999989
0.012499999999999989
0.012499999999999989
0.004166666666666663
0.012499999999999989
0.012499999999999989
0.012499999999999989
0.012499999999999989
0.0
0.012499999999999989
0.012499999999999989
0.012499999999999989
0.0
0.0
0.0
0.012499999999999989
0.004166666666666663
0.012499999999999989
0.012499999999999989
0.012499999999999989
0.004166666666666663
0.012499999999999989
0.012499999999999989
0.012499999999999989
0.012499999999999989
0.012499999999999989
0.012499999999999989
0.012499999999999989
0.012499999999999989
0.012499999999999989
0.012499999999999989
0.012499999999999989
0.012499999999999989
0.004166666666666663
0.012499999999999989
0.0
0.004166666666666663
0.004166666666666663
0.012499999999999989
0.012499999999999989
0.004166666666666663
0.012499999999999989
0.012499999999999989
