100
0.013740458015267189
0.004580152671755729
0.013740458015267189
0.013740458015267189
0.00458015267175573
0.004580152671755729
0.013740458015267189
0.0
0.013740458015267189
0.013740458015267189
0.00458015267175573
0.013740458015267189
0.013740458015267189
0.013740458015267189
0.013740458015267189
0.013740458015267189
0.00458015267175573
0.013740458015267189
0.013740458015267189
0.00152671755725191
0.013740458015267189
0.013740458015267189
0.013740458015267189
0.013740458015267189
0.013740458015267189
0.013740458015267189
0.0
0.00458015267175573
0.00458015267175573
0.004580152671755729
0.013740458015267189
0.013740458015267189
0.013740458015267189
0.0
0.013740458015267189
0.013740458015267189
0.004580152671755729
0.013740458015267189
0.013740458015267189
0.013740458015267189
0.013740458015267189
0.013740458015267189
0.0
0.013740458015267189
0.013740458015267189
0.013740458015267189
0.00152671755725191
0.0
0.013740458015267189
0.0
0.013740458015267189
0.013740458015267189
0.004580152671755729
0.013740458015267189
0.013740458015267189
0.013740458015267189
0.00458015267175573
0.004580152671755729
0.013740458015267189
0.013740458015267189
0.00458015267175573
0.013740458015267189
0.013740458015267189
0.013740458015267189
0.013740458015267189
0.0
0.004580152671755729
0.013740458015267189
0.013740458015267189
0.0
0.0
0.0
0.013740458015267189
0.00458015267175573
0.013740458015267189
0.013740458015267189
0.013740458015267189
0.00152671755725191
0.013740458015267189
0.004580152671755729
0.013740458015267189
0.013740458015267189
0.013740458015267189
0.013740458015267189
0.013740458015267189
0.013740458015267189
0.013740458015267189
0.013740458015267189
0.013740458015267189
0.013740458015267189
0.00458015267175573
0.013740458015267189
0.0
0.00152671755725191
0.00458015267175573
0.013740458015267189
0.013740458015267189
0.00458015267175573
0.013740458015267189
0.013740458015267189
