100
0.005151098901098893
0.003090659340659336
0.003090659340659336
0.005151098901098893
0.003090659340659336
0.015453296703296681
0.005151098901098893
0.0
0.015453296703296681
0.015453296703296681
0.005151098901098893
0.015453296703296681
0.003090659340659336
0.005151098901098893
0.003090659340659336
0.003090659340659336
0.003090659340659336
0.015453296703296681
0.015453296703296681
0.005151098901098893
0.015453296703296681
0.015453296703296681
0.015453296703296681
0.003090659340659336
0.005151098901098893
0.015453296703296681
0.005151098901098893
0.015453296703296681
0.015453296703296681
0.003090659340659336
0.003090659340659336
0.015453296703296681
0.015453296703296681
0.015453296703296681
0.015453296703296681
0.003090659340659336
0.003090659340659336
0.015453296703296681
0.005151098901098893
0.003090659340659336
0.015453296703296681
0.005151098901098893
0.015453296703296681
0.015453296703296681
0.005151098901098893
0.015453296703296681
0.005151098901098893
0.0
0.015453296703296681
0.015453296703296681
0.005151098901098893
0.015453296703296681
0.005151098901098893
0.015453296703296681
0.015453296703296681
0.015453296703296681
0.005151098901098893
0.003090659340659336
0.015453296703296681
0.015453296703296681
0.003090659340659336
0.005151098901098893
0.005151098901098893
0.015453296703296681
0.015453296703296681
0.015453296703296681
0.015453296703296681
0.005151098901098893
0.003090659340659336
0.005151098901098893
0.003090659340659336
0.015453296703296681
0.015453296703296681
0.015453296703296681
0.003090659340659336
0.015453296703296681
0.015453296703296681
0.003090659340659336
0.015453296703296681
0.003090659340659336
0.0017170329670329642
0.015453296703296681
0.015453296703296681
0.015453296703296681
0.005151098901098893
0.003090659340659336
0.015453296703296681
0.015453296703296681
0.015453296703296681
0.015453296703296681
0.015453296703296681
0.015453296703296681
0.015453296703296681
0.003090659340659336
0.005151098901098893
0.003090659340659336
0.015453296703296681
0.015453296703296681
0.015453296703296681
0.015453296703296681
