100
0.005582433941198366
0.00334946036471902
0.00334946036471902
0.005582433941198366
0.00334946036471902
0.005582433941198366
0.005582433941198366
0.0
0.0167473018235951
0.0167473018235951
0.005582433941198366
0.005582433941198366
0.00334946036471902
0.005582433941198366
0.00334946036471902
0.00334946036471902
0.00334946036471902
0.0167473018235951
0.0167473018235951
0.005582433941198366
0.0167473018235951
0.0167473018235951
0.0167473018235951
0.00334946036471902
0.005582433941198366
0.0167473018235951
0.005582433941198366
0.0167473018235951
0.0167473018235951
0.00334946036471902
0.00334946036471902
0.0167473018235951
0.0167473018235951
0.0167473018235951
0.0167473018235951
0.00334946036471902
0.00334946036471902
0.0167473018235951
0.005582433941198366
0.00334946036471902
0.0167473018235951
0.005582433941198366
0.0167473018235951
0.0167473018235951
0.005582433941198366
0.0167473018235951
0.005582433941198366
0.0
0.0167473018235951
0.0167473018235951
0.005582433941198366
0.005582433941198366
0.005582433941198366
0.0167473018235951
0.0167473018235951
0.0167473018235951
0.005582433941198366
0.00334946036471902
0.0167473018235951
0.0167473018235951
0.00334946036471902
0.005582433941198366
0.005582433941198366
0.0167473018235951
0.0167473018235951
0.0
0.005582433941198366
0.005582433941198366
0.00334946036471902
0.005582433941198366
0.00334946036471902
0.0167473018235951
0.0167473018235951
0.0167473018235951
0.00334946036471902
0.0167473018235951
0.0167473018235951
0.00334946036471902
0.0167473018235951
0.00334946036471902
0.0018608113137327886
0.0167473018235951
0.0167473018235951
0.0167473018235951
0.005582433941198366
0.00334946036471902
0.005582433941198366
0.0167473018235951
0.0167473018235951
0.0167473018235951
0.0167473018235951
0.0167473018235951
0.005582433941198366
0.00334946036471902
0.005582433941198366
0.00334946036471902
0.0167473018235951
0.0167473018235951
0.0167473018235951
0.0167473018235951
