100
0.010869565217391304
0.010869565217391304
0.010869565217391304
0.010869565217391304
0.010869565217391304
0.010869565217391304
0.010869565217391304
0.0
0.010869565217391304
0.010869565217391304
0.010869565217391304
0.010869565217391304
0.010869565217391304
0.010869565217391304
0.010869565217391304
0.010869565217391304
0.010869565217391304
0.010869565217391304
0.010869565217391304
0.010869565217391304
0.010869565217391304
0.010869565217391304
0.010869565217391304
0.010869565217391304
0.010869565217391304
0.010869565217391304
0.0
0.010869565217391304
0.010869565217391304
0.010869565217391304
0.010869565217391304
0.010869565217391304
0.010869565217391304
0.0
0.010869565217391304
0.010869565217391304
0.010869565217391304
0.010869565217391304
0.010869565217391304
0.010869565217391304
0.010869565217391304
0.010869565217391304
0.0
0.010869565217391304
0.010869565217391304
0.010869565217391304
0.010869565217391304
0.0
0.010869565217391304
0.010869565217391304
0.010869565217391304
0.010869565217391304
0.010869565217391304
0.010869565217391304
0.010869565217391304
0.010869565217391304
0.010869565217391304
0.010869565217391304
0.010869565217391304
0.010869565217391304
0.010869565217391304
0.010869565217391304
0.010869565217391304
0.010869565217391304
0.010869565217391304
0.0
0.010869565217391304
0.010869565217391304
0.010869565217391304
0.0
0.010869565217391304
0.0
0.010869565217391304
0.010869565217391304
0.010869565217391304
0.010869565217391304
0.010869565217391304
0.010869565217391304
0.010869565217391304
0.010869565217391304
0.010869565217391304
0.010869565217391304
0.010869565217391304
0.010869565217391304
0.010869565217391304
0.010869565217391304
0.010869565217391304
0.010869565217391304
0.010869565217391304
0.010869565217391304
0.010869565217391304
0.010869565217391304
0.010869565217391304
0.010869565217391304
0.010869565217391304
0.010869565217391304
0.010869565217391304
0.010869565217391304
0.010869565217391304
0.010869565217391304
