100
0.011406844106463856
0.011406844106463856
0.011406844106463856
0.011406844106463856
0.011406844106463856
0.011406844106463856
0.011406844106463856
0.0
0.011406844106463856
0.011406844106463856
0.011406844106463856
0.011406844106463856
0.011406844106463856
0.011406844106463856
0.011406844106463856
0.011406844106463856
0.011406844106463856
0.011406844106463856
0.011406844106463856
0.0038022813688212854
0.011406844106463856
0.011406844106463856
0.011406844106463856
0.011406844106463856
0.011406844106463856
0.011406844106463856
0.0
0.0038022813688212854
0.011406844106463856
0.011406844106463856
0.011406844106463856
0.011406844106463856
0.011406844106463856
0.0
0.011406844106463856
0.011406844106463856
0.011406844106463856
0.011406844106463856
0.011406844106463856
0.011406844106463856
0.011406844106463856
0.011406844106463856
0.0
0.011406844106463856
0.011406844106463856
0.011406844106463856
0.011406844106463856
0.0
0.011406844106463856
0.011406844106463856
0.011406844106463856
0.011406844106463856
0.011406844106463856
0.011406844106463856
0.011406844106463856
0.011406844106463856
0.011406844106463856
0.011406844106463856
0.011406844106463856
0.011406844106463856
0.011406844106463856
0.011406844106463856
0.011406844106463856
0.011406844106463856
0.011406844106463856
0.0
0.011406844106463856
0.011406844106463856
0.011406844106463856
0.0
0.0
0.0
0.011406844106463856
0.0038022813688212854
0.011406844106463856
0.011406844106463856
0.011406844106463856
0.011406844106463856
0.011406844106463856
0.011406844106463856
0.011406844106463856
0.011406844106463856
0.011406844106463856
0.011406844106463856
0.011406844106463856
0.011406844106463856
0.011406844106463856
0.011406844106463856
0.011406844106463856
0.011406844106463856
0.0038022813688212854
0.011406844106463856
0.011406844106463856
0.011406844106463856
0.011406844106463856
0.011406844106463856
0.011406844106463856
0.0038022813688212854
0.011406844106463856
0.011406844106463856
