100
0.01304347826086956
0.004347826086956519
0.004347826086956519
0.004347826086956519
0.004347826086956519
0.01304347826086956
0.01304347826086956
0.004347826086956519
0.01304347826086956
0.01304347826086956
0.01304347826086956
0.01304347826086956
0.004347826086956519
0.01304347826086956
0.01304347826086956
0.01304347826086956
0.004347826086956519
0.004347826086956519
0.01304347826086956
0.01304347826086956
0.01304347826086956
0.004347826086956519
0.01304347826086956
0.01304347826086956
0.004347826086956519
0.004347826086956519
0.004347826086956519
0.004347826086956519
0.01304347826086956
0.01304347826086956
0.01304347826086956
0.01304347826086956
0.01304347826086956
0.004347826086956519
0.004347826086956519
0.004347826086956519
0.01304347826086956
0.004347826086956519
0.004347826086956519
0.004347826086956519
0.01304347826086956
0.01304347826086956
0.01304347826086956
0.01304347826086956
0.004347826086956519
0.004347826086956519
0.01304347826086956
0.01304347826086956
0.004347826086956519
0.01304347826086956
0.01304347826086956
0.01304347826086956
0.01304347826086956
0.004347826086956519
0.01304347826086956
0.01304347826086956
0.004347826086956519
0.01304347826086956
0.004347826086956519
0.01304347826086956
0.01304347826086956
0.01304347826086956
0.004347826086956519
0.01304347826086956
0.01304347826086956
0.01304347826086956
0.004347826086956519
0.01304347826086956
0.01304347826086956
0.01304347826086956
0.01304347826086956
0.01304347826086956
0.004347826086956519
0.004347826086956519
0.01304347826086956
0.01304347826086956
0.01304347826086956
0.01304347826086956
0.01304347826086956
0.01304347826086956
0.01304347826086956
0.004347826086956519
0.01304347826086956
0.01304347826086956
0.004347826086956519
0.01304347826086956
0.01304347826086956
0.004347826086956519
0.01304347826086956
0.01304347826086956
0.01304347826086956
0.01304347826086956
0.01304347826086956
0.004347826086956519
0.004347826086956519
0.01304347826086956
0.01304347826086956
0.004347826086956519
0.01304347826086956
0.01304347826086956
