100
0.013157894736842103
0.004385964912280701
0.004385964912280701
0.004385964912280701
0.013157894736842103
0.013157894736842103
0.013157894736842103
0.004385964912280701
0.004385964912280701
0.013157894736842103
0.013157894736842103
0.004385964912280701
0.013157894736842103
0.013157894736842103
0.013157894736842103
0.013157894736842103
0.004385964912280701
0.004385964912280701
0.013157894736842103
0.013157894736842103
0.013157894736842103
0.004385964912280701
0.013157894736842103
0.004385964912280701
0.013157894736842103
0.004385964912280701
0.004385964912280701
0.004385964912280701
0.013157894736842103
0.013157894736842103
0.013157894736842103
0.013157894736842103
0.013157894736842103
0.004385964912280701
0.004385964912280701
0.004385964912280701
0.004385964912280701
0.013157894736842103
0.013157894736842103
0.013157894736842103
0.013157894736842103
0.013157894736842103
0.013157894736842103
0.013157894736842103
0.004385964912280701
0.004385964912280701
0.013157894736842103
0.013157894736842103
0.013157894736842103
0.004385964912280701
0.013157894736842103
0.013157894736842103
0.004385964912280701
0.013157894736842103
0.013157894736842103
0.013157894736842103
0.013157894736842103
0.004385964912280701
0.013157894736842103
0.013157894736842103
0.004385964912280701
0.013157894736842103
0.013157894736842103
0.004385964912280701
0.013157894736842103
0.013157894736842103
0.004385964912280701
0.013157894736842103
0.013157894736842103
0.013157894736842103
0.013157894736842103
0.013157894736842103
0.004385964912280701
0.013157894736842103
0.004385964912280701
0.013157894736842103
0.013157894736842103
0.013157894736842103
0.013157894736842103
0.013157894736842103
0.004385964912280701
0.013157894736842103
0.013157894736842103
0.004385964912280701
0.013157894736842103
0.013157894736842103
0.004385964912280701
0.013157894736842103
0.004385964912280701
0.013157894736842103
0.004385964912280701
0.013157894736842103
0.013157894736842103
0.004385964912280701
0.013157894736842103
0.013157894736842103
0.004385964912280701
0.004385964912280701
0.004385964912280701
0.013157894736842103
