100
0.01034482758620689
0.01034482758620689
0.01034482758620689
0.01034482758620689
0.01034482758620689
0.01034482758620689
0.01034482758620689
0.01034482758620689
0.01034482758620689
0.01034482758620689
0.01034482758620689
0.01034482758620689
0.01034482758620689
0.01034482758620689
0.01034482758620689
0.01034482758620689
0.01034482758620689
0.01034482758620689
0.01034482758620689
0.01034482758620689
0.01034482758620689
0.01034482758620689
0.01034482758620689
0.003448275862068963
0.01034482758620689
0.003448275862068963
0.01034482758620689
0.01034482758620689
0.01034482758620689
0.01034482758620689
0.01034482758620689
0.003448275862068963
0.01034482758620689
0.01034482758620689
0.01034482758620689
0.01034482758620689
0.01034482758620689
0.01034482758620689
0.01034482758620689
0.01034482758620689
0.01034482758620689
0.01034482758620689
0.003448275862068963
0.01034482758620689
0.01034482758620689
0.01034482758620689
0.01034482758620689
0.01034482758620689
0.01034482758620689
0.01034482758620689
0.01034482758620689
0.01034482758620689
0.01034482758620689
0.01034482758620689
0.01034482758620689
0.01034482758620689
0.01034482758620689
0.01034482758620689
0.01034482758620689
0.003448275862068963
0.01034482758620689
0.01034482758620689
0.01034482758620689
0.01034482758620689
0.01034482758620689
0.01034482758620689
0.01034482758620689
0.01034482758620689
0.01034482758620689
0.01034482758620689
0.01034482758620689
0.01034482758620689
0.01034482758620689
0.01034482758620689
0.01034482758620689
0.01034482758620689
0.01034482758620689
0.01034482758620689
0.01034482758620689
0.01034482758620689
0.01034482758620689
0.01034482758620689
0.01034482758620689
0.01034482758620689
0.01034482758620689
0.01034482758620689
0.01034482758620689
0.01034482758620689
0.01034482758620689
0.01034482758620689
0.01034482758620689
0.01034482758620689
0.01034482758620689
0.01034482758620689
0.01034482758620689
0.01034482758620689
0.01034482758620689
0.01034482758620689
0.01034482758620689
0.01034482758620689
