100
0.01260504201680672
0.01260504201680672
0.0042016806722689065
0.0042016806722689065
0.01260504201680672
0.01260504201680672
0.0042016806722689065
0.01260504201680672
0.01260504201680672
0.01260504201680672
0.01260504201680672
0.0042016806722689065
0.01260504201680672
0.01260504201680672
0.01260504201680672
0.01260504201680672
0.0042016806722689065
0.0042016806722689065
0.01260504201680672
0.01260504201680672
0.0042016806722689065
0.01260504201680672
0.01260504201680672
0.01260504201680672
0.01260504201680672
0.0042016806722689065
0.0042016806722689065
0.0042016806722689065
0.0042016806722689065
0.01260504201680672
0.01260504201680672
0.01260504201680672
0.01260504201680672
0.0042016806722689065
0.0042016806722689065
0.0042016806722689065
0.0042016806722689065
0.01260504201680672
0.01260504201680672
0.01260504201680672
0.01260504201680672
0.01260504201680672
0.01260504201680672
0.01260504201680672
0.0042016806722689065
0.01260504201680672
0.01260504201680672
0.01260504201680672
0.01260504201680672
0.0042016806722689065
0.01260504201680672
0.01260504201680672
0.0042016806722689065
0.01260504201680672
0.01260504201680672
0.01260504201680672
0.01260504201680672
0.0042016806722689065
0.01260504201680672
0.0042016806722689065
0.01260504201680672
0.01260504201680672
0.01260504201680672
0.0042016806722689065
0.01260504201680672
0.01260504201680672
0.0042016806722689065
0.01260504201680672
0.01260504201680672
0.01260504201680672
0.01260504201680672
0.0042016806722689065
0.0042016806722689065
0.01260504201680672
0.0042016806722689065
0.01260504201680672
0.01260504201680672
0.01260504201680672
0.0042016806722689065
0.0042016806722689065
0.0042016806722689065
0.01260504201680672
0.01260504201680672
0.0042016806722689065
0.01260504201680672
0.01260504201680672
0.01260504201680672
0.01260504201680672
0.01260504201680672
0.01260504201680672
0.01260504201680672
0.01260504201680672
0.01260504201680672
0.0042016806722689065
0.01260504201680672
0.01260504201680672
0.01260504201680672
0.0042016806722689065
0.01260504201680672
0.01260504201680672
