100
0.011111111111111106
0.011111111111111106
0.011111111111111106
0.011111111111111106
0.011111111111111106
0.011111111111111106
0.011111111111111106
0.011111111111111106
0.0037037037037037017
0.011111111111111106
0.011111111111111106
0.0037037037037037017
0.011111111111111106
0.011111111111111106
0.011111111111111106
0.011111111111111106
0.011111111111111106
0.011111111111111106
0.011111111111111106
0.011111111111111106
0.011111111111111106
0.011111111111111106
0.0037037037037037017
0.011111111111111106
0.011111111111111106
0.011111111111111106
0.011111111111111106
0.011111111111111106
0.011111111111111106
0.011111111111111106
0.011111111111111106
0.0037037037037037017
0.011111111111111106
0.011111111111111106
0.011111111111111106
0.011111111111111106
0.011111111111111106
0.011111111111111106
0.0037037037037037017
0.011111111111111106
0.011111111111111106
0.011111111111111106
0.011111111111111106
0.0037037037037037017
0.011111111111111106
0.011111111111111106
0.0037037037037037017
0.0037037037037037017
0.011111111111111106
0.011111111111111106
0.011111111111111106
0.011111111111111106
0.011111111111111106
0.011111111111111106
0.011111111111111106
0.011111111111111106
0.011111111111111106
0.011111111111111106
0.0037037037037037017
0.011111111111111106
0.0037037037037037017
0.011111111111111106
0.011111111111111106
0.011111111111111106
0.011111111111111106
0.011111111111111106
0.011111111111111106
0.0037037037037037017
0.011111111111111106
0.011111111111111106
0.011111111111111106
0.011111111111111106
0.011111111111111106
0.011111111111111106
0.011111111111111106
0.011111111111111106
0.011111111111111106
0.011111111111111106
0.011111111111111106
0.011111111111111106
0.011111111111111106
0.011111111111111106
0.011111111111111106
0.011111111111111106
0.011111111111111106
0.011111111111111106
0.0037037037037037017
0.011111111111111106
0.011111111111111106
0.011111111111111106
0.011111111111111106
0.0037037037037037017
0.011111111111111106
0.011111111111111106
0.0037037037037037017
0.011111111111111106
0.011111111111111106
0.011111111111111106
0.0037037037037037017
0.011111111111111106
