100
0.012820512820512815
0.004273504273504271
0.004273504273504271
0.004273504273504271
0.012820512820512815
0.012820512820512815
0.012820512820512815
0.004273504273504271
0.012820512820512815
0.012820512820512815
0.012820512820512815
0.004273504273504271
0.012820512820512815
0.012820512820512815
0.012820512820512815
0.012820512820512815
0.004273504273504271
0.004273504273504271
0.012820512820512815
0.012820512820512815
0.012820512820512815
0.004273504273504271
0.004273504273504271
0.004273504273504271
0.012820512820512815
0.004273504273504271
0.004273504273504271
0.004273504273504271
0.012820512820512815
0.012820512820512815
0.012820512820512815
0.012820512820512815
0.012820512820512815
0.004273504273504271
0.004273504273504271
0.004273504273504271
0.004273504273504271
0.012820512820512815
0.012820512820512815
0.012820512820512815
0.012820512820512815
0.012820512820512815
0.012820512820512815
0.012820512820512815
0.004273504273504271
0.004273504273504271
0.012820512820512815
0.004273504273504271
0.012820512820512815
0.004273504273504271
0.012820512820512815
0.012820512820512815
0.004273504273504271
0.012820512820512815
0.012820512820512815
0.012820512820512815
0.012820512820512815
0.004273504273504271
0.004273504273504271
0.012820512820512815
0.012820512820512815
0.012820512820512815
0.012820512820512815
0.004273504273504271
0.012820512820512815
0.012820512820512815
0.004273504273504271
0.012820512820512815
0.012820512820512815
0.012820512820512815
0.012820512820512815
0.012820512820512815
0.004273504273504271
0.012820512820512815
0.004273504273504271
0.012820512820512815
0.012820512820512815
0.012820512820512815
0.012820512820512815
0.012820512820512815
0.004273504273504271
0.012820512820512815
0.012820512820512815
0.004273504273504271
0.012820512820512815
0.012820512820512815
0.012820512820512815
0.012820512820512815
0.004273504273504271
0.012820512820512815
0.012820512820512815
0.012820512820512815
0.012820512820512815
0.004273504273504271
0.012820512820512815
0.012820512820512815
0.012820512820512815
0.004273504273504271
0.012820512820512815
0.012820512820512815
