100
0.013677811550151997
0.004559270516717332
0.004559270516717332
0.004559270516717332
0.004559270516717332
0.013677811550151997
0.013677811550151997
0.004559270516717332
0.013677811550151997
0.013677811550151997
0.013677811550151997
0.004559270516717332
0.013677811550151997
0.004559270516717332
0.013677811550151997
0.013677811550151997
0.004559270516717332
0.004559270516717332
0.013677811550151997
0.013677811550151997
0.013677811550151997
0.004559270516717332
0.004559270516717332
0.004559270516717332
0.013677811550151997
0.004559270516717332
0.004559270516717332
0.004559270516717332
0.013677811550151997
0.013677811550151997
0.013677811550151997
0.013677811550151997
0.013677811550151997
0.004559270516717332
0.004559270516717332
0.004559270516717332
0.004559270516717332
0.013677811550151997
0.013677811550151997
0.013677811550151997
0.013677811550151997
0.013677811550151997
0.013677811550151997
0.013677811550151997
0.004559270516717332
0.004559270516717332
0.013677811550151997
0.004559270516717332
0.013677811550151997
0.004559270516717332
0.013677811550151997
0.013677811550151997
0.004559270516717332
0.013677811550151997
0.004559270516717332
0.013677811550151997
0.013677811550151997
0.004559270516717332
0.004559270516717332
0.013677811550151997
0.013677811550151997
0.013677811550151997
0.004559270516717332
0.004559270516717332
0.013677811550151997
0.013677811550151997
0.004559270516717332
0.013677811550151997
0.013677811550151997
0.004559270516717332
0.013677811550151997
0.013677811550151997
0.004559270516717332
0.013677811550151997
0.0015197568389057772
0.013677811550151997
0.013677811550151997
0.013677811550151997
0.013677811550151997
0.013677811550151997
0.004559270516717332
0.013677811550151997
0.013677811550151997
0.004559270516717332
0.013677811550151997
0.004559270516717332
0.013677811550151997
0.013677811550151997
0.004559270516717332
0.013677811550151997
0.013677811550151997
0.013677811550151997
0.013677811550151997
0.004559270516717332
0.013677811550151997
0.013677811550151997
0.013677811550151997
0.004559270516717332
0.013677811550151997
0.004559270516717332
