100
0.012605042016806718
0.012605042016806718
0.004201680672268906
0.004201680672268906
0.012605042016806718
0.012605042016806718
0.004201680672268906
0.012605042016806718
0.012605042016806718
0.012605042016806718
0.004201680672268906
0.012605042016806718
0.012605042016806718
0.012605042016806718
0.012605042016806718
0.012605042016806718
0.004201680672268906
0.004201680672268906
0.012605042016806718
0.012605042016806718
0.004201680672268906
0.012605042016806718
0.012605042016806718
0.012605042016806718
0.004201680672268906
0.004201680672268906
0.004201680672268906
0.004201680672268906
0.012605042016806718
0.012605042016806718
0.012605042016806718
0.012605042016806718
0.012605042016806718
0.004201680672268906
0.004201680672268906
0.004201680672268906
0.004201680672268906
0.012605042016806718
0.012605042016806718
0.012605042016806718
0.012605042016806718
0.012605042016806718
0.004201680672268906
0.012605042016806718
0.012605042016806718
0.012605042016806718
0.012605042016806718
0.012605042016806718
0.012605042016806718
0.004201680672268906
0.012605042016806718
0.012605042016806718
0.004201680672268906
0.004201680672268906
0.012605042016806718
0.012605042016806718
0.012605042016806718
0.004201680672268906
0.012605042016806718
0.004201680672268906
0.012605042016806718
0.012605042016806718
0.012605042016806718
0.004201680672268906
0.012605042016806718
0.012605042016806718
0.004201680672268906
0.012605042016806718
0.012605042016806718
0.012605042016806718
0.012605042016806718
0.012605042016806718
0.004201680672268906
0.004201680672268906
0.012605042016806718
0.012605042016806718
0.012605042016806718
0.004201680672268906
0.012605042016806718
0.004201680672268906
0.004201680672268906
0.012605042016806718
0.012605042016806718
0.012605042016806718
0.004201680672268906
0.012605042016806718
0.012605042016806718
0.012605042016806718
0.012605042016806718
0.012605042016806718
0.012605042016806718
0.012605042016806718
0.012605042016806718
0.012605042016806718
0.004201680672268906
0.012605042016806718
0.004201680672268906
0.012605042016806718
0.012605042016806718
0.012605042016806718
