100
0.013432835820895543
0.013432835820895543
0.001492537313432838
0.004477611940298514
0.013432835820895543
0.013432835820895543
0.004477611940298514
0.004477611940298514
0.013432835820895543
0.013432835820895543
0.004477611940298514
0.013432835820895543
0.013432835820895543
0.013432835820895543
0.013432835820895543
0.013432835820895543
0.004477611940298514
0.004477611940298514
0.013432835820895543
0.013432835820895543
0.004477611940298514
0.013432835820895543
0.004477611940298514
0.013432835820895543
0.001492537313432838
0.001492537313432838
0.004477611940298514
0.004477611940298514
0.013432835820895543
0.013432835820895543
0.013432835820895543
0.013432835820895543
0.013432835820895543
0.004477611940298514
0.004477611940298514
0.001492537313432838
0.004477611940298514
0.013432835820895543
0.013432835820895543
0.004477611940298514
0.013432835820895543
0.013432835820895543
0.004477611940298514
0.013432835820895543
0.013432835820895543
0.013432835820895543
0.013432835820895543
0.013432835820895543
0.013432835820895543
0.004477611940298514
0.013432835820895543
0.013432835820895543
0.004477611940298514
0.004477611940298514
0.013432835820895543
0.013432835820895543
0.013432835820895543
0.004477611940298514
0.013432835820895543
0.004477611940298514
0.013432835820895543
0.013432835820895543
0.013432835820895543
0.004477611940298514
0.013432835820895543
0.004477611940298514
0.004477611940298514
0.004477611940298514
0.013432835820895543
0.013432835820895543
0.013432835820895543
0.013432835820895543
0.004477611940298514
0.004477611940298514
0.013432835820895543
0.013432835820895543
0.013432835820895543
0.004477611940298514
0.013432835820895543
0.004477611940298514
0.004477611940298514
0.013432835820895543
0.013432835820895543
0.013432835820895543
0.004477611940298514
0.013432835820895543
0.013432835820895543
0.013432835820895543
0.013432835820895543
0.004477611940298514
0.013432835820895543
0.013432835820895543
0.013432835820895543
0.013432835820895543
0.004477611940298514
0.013432835820895543
0.004477611940298514
0.013432835820895543
0.013432835820895543
0.013432835820895543
