100
0.014150943396226436
0.014150943396226436
0.0015723270440251595
0.0015723270440251593
0.014150943396226436
0.014150943396226436
0.0047169811320754785
0.0047169811320754785
0.014150943396226436
0.014150943396226436
0.0047169811320754785
0.014150943396226436
0.014150943396226436
0.014150943396226436
0.014150943396226436
0.014150943396226436
0.0047169811320754785
0.0047169811320754785
0.014150943396226436
0.014150943396226436
0.0047169811320754785
0.0047169811320754785
0.0047169811320754785
0.014150943396226436
0.0015723270440251595
0.0015723270440251595
0.0047169811320754785
0.0047169811320754785
0.014150943396226436
0.014150943396226436
0.014150943396226436
0.014150943396226436
0.014150943396226436
0.0047169811320754785
0.0047169811320754785
0.0015723270440251595
0.0047169811320754785
0.014150943396226436
0.014150943396226436
0.0015723270440251593
0.014150943396226436
0.014150943396226436
0.0047169811320754785
0.014150943396226436
0.014150943396226436
0.014150943396226436
0.014150943396226436
0.014150943396226436
0.014150943396226436
0.0015723270440251593
0.014150943396226436
0.014150943396226436
0.0047169811320754785
0.0047169811320754785
0.014150943396226436
0.014150943396226436
0.014150943396226436
0.0047169811320754785
0.014150943396226436
0.0047169811320754785
0.014150943396226436
0.014150943396226436
0.0047169811320754785
0.0047169811320754785
0.014150943396226436
0.0047169811320754785
0.0047169811320754785
0.0047169811320754785
0.014150943396226436
0.014150943396226436
0.0047169811320754785
0.014150943396226436
0.0047169811320754785
0.0015723270440251593
0.014150943396226436
0.014150943396226436
0.014150943396226436
0.0047169811320754785
0.014150943396226436
0.0047169811320754785
0.0015723270440251593
0.014150943396226436
0.014150943396226436
0.014150943396226436
0.0047169811320754785
0.014150943396226436
0.014150943396226436
0.014150943396226436
0.014150943396226436
0.0047169811320754785
0.014150943396226436
0.014150943396226436
0.014150943396226436
0.014150943396226436
0.0047169811320754785
0.014150943396226436
0.0047169811320754785
0.014150943396226436
0.0047169811320754785
0.014150943396226436
