100
0.012520868113522533
0.012520868113522533
0.004173622704507511
0.0025041736227045066
0.012520868113522533
0.012520868113522533
0.004173622704507511
0.012520868113522533
0.012520868113522533
0.012520868113522533
0.012520868113522533
0.012520868113522533
0.004173622704507511
0.012520868113522533
0.012520868113522533
0.012520868113522533
0.004173622704507511
0.004173622704507511
0.012520868113522533
0.012520868113522533
0.004173622704507511
0.012520868113522533
0.012520868113522533
0.012520868113522533
0.012520868113522533
0.004173622704507511
0.004173622704507511
0.004173622704507511
0.012520868113522533
0.012520868113522533
0.012520868113522533
0.012520868113522533
0.012520868113522533
0.004173622704507511
0.004173622704507511
0.004173622704507511
0.012520868113522533
0.004173622704507511
0.012520868113522533
0.012520868113522533
0.012520868113522533
0.012520868113522533
0.012520868113522533
0.012520868113522533
0.004173622704507511
0.012520868113522533
0.012520868113522533
0.012520868113522533
0.004173622704507511
0.012520868113522533
0.012520868113522533
0.012520868113522533
0.012520868113522533
0.004173622704507511
0.012520868113522533
0.012520868113522533
0.004173622704507511
0.012520868113522533
0.012520868113522533
0.004173622704507511
0.012520868113522533
0.012520868113522533
0.004173622704507511
0.012520868113522533
0.012520868113522533
0.004173622704507511
0.012520868113522533
0.004173622704507511
0.012520868113522533
0.012520868113522533
0.012520868113522533
0.004173622704507511
0.004173622704507511
0.004173622704507511
0.012520868113522533
0.012520868113522533
0.012520868113522533
0.012520868113522533
0.012520868113522533
0.004173622704507511
0.012520868113522533
0.004173622704507511
0.012520868113522533
0.012520868113522533
0.004173622704507511
0.012520868113522533
0.012520868113522533
0.012520868113522533
0.012520868113522533
0.012520868113522533
0.012520868113522533
0.012520868113522533
0.012520868113522533
0.012520868113522533
0.004173622704507511
0.012520868113522533
0.012520868113522533
0.004173622704507511
0.012520868113522533
0.012520868113522533
